17
LngfishAu  0.0000000 0.3905858 0.3828292 0.4212884 0.5455192 0.6485668 0.6153042 0.6334412 0.6204415 0.5693527 0.5264869 0.5643897 0.5583959 0.5882496 0.5910179 0.6047385 0.5790023 
LngfishSA  0.3905858 0.0000000 0.3153358 0.5103666 0.6044995 0.6505843 0.6225408 0.6106033 0.5718399 0.6134164 0.5763008 0.6122210 0.6058914 0.5940283 0.6363848 0.6037681 0.5331766 
LngfishAf  0.3828292 0.3153358 0.0000000 0.5135680 0.5824911 0.6798070 0.7109060 0.6681777 0.6330811 0.6747312 0.6153295 0.6423065 0.6244807 0.6352302 0.6789125 0.6387494 0.5761971 
Frog       0.4212884 0.5103666 0.5135680 0.0000000 0.5263711 0.6625053 0.6192015 0.6523605 0.5985794 0.5958551 0.5574691 0.5601295 0.5730808 0.5881551 0.5894731 0.5766846 0.5496251 
Turtle     0.5455192 0.6044995 0.5824911 0.5263711 0.0000000 0.4739022 0.4917901 0.4801987 0.4306805 0.4989537 0.4610469 0.4670987 0.4784568 0.4790411 0.5039307 0.5064216 0.4895357 
Sphenodon  0.6485668 0.6505843 0.6798070 0.6625053 0.4739022 0.0000000 0.5459596 0.5342224 0.5131214 0.5736849 0.5589711 0.5499677 0.5596939 0.5695274 0.6003642 0.6061828 0.5492420 
Lizard     0.6153042 0.6225408 0.7109060 0.6192015 0.4917901 0.5459596 0.0000000 0.5917768 0.5335902 0.6003074 0.5694441 0.6065805 0.6246910 0.5734639 0.6248321 0.6088070 0.5584393 
Crocodile  0.6334412 0.6106033 0.6681777 0.6523605 0.4801987 0.5342224 0.5917768 0.0000000 0.4323334 0.6086792 0.6097180 0.6109816 0.6521012 0.6639014 0.6572576 0.6078561 0.6287685 
Bird       0.6204415 0.5718399 0.6330811 0.5985794 0.4306805 0.5131214 0.5335902 0.4323334 0.0000000 0.5462632 0.5487585 0.5627369 0.5607346 0.6096834 0.5923490 0.5626467 0.5576950 
Human      0.5693527 0.6134164 0.6747312 0.5958551 0.4989537 0.5736849 0.6003074 0.6086792 0.5462632 0.0000000 0.2617699 0.2659908 0.2856177 0.3318839 0.3386963 0.4105558 0.3907850 
Seal       0.5264869 0.5763008 0.6153295 0.5574691 0.4610469 0.5589711 0.5694441 0.6097180 0.5487585 0.2617699 0.0000000 0.1857604 0.2076465 0.2643791 0.2885260 0.3470202 0.3273843 
Cow        0.5643897 0.6122210 0.6423065 0.5601295 0.4670987 0.5499677 0.6065805 0.6109816 0.5627369 0.2659908 0.1857604 0.0000000 0.1720297 0.2928110 0.2999436 0.3604322 0.3238276 
Whale      0.5583959 0.6058914 0.6244807 0.5730808 0.4784568 0.5596939 0.6246910 0.6521012 0.5607346 0.2856177 0.2076465 0.1720297 0.0000000 0.3043889 0.3277880 0.3552472 0.3386504 
Mouse      0.5882496 0.5940283 0.6352302 0.5881551 0.4790411 0.5695274 0.5734639 0.6639014 0.6096834 0.3318839 0.2643791 0.2928110 0.3043889 0.0000000 0.1407183 0.3728297 0.3208103 
Rat        0.5910179 0.6363848 0.6789125 0.5894731 0.5039307 0.6003642 0.6248321 0.6572576 0.5923490 0.3386963 0.2885260 0.2999436 0.3277880 0.1407183 0.0000000 0.3949012 0.3645714 
Platypus   0.6047385 0.6037681 0.6387494 0.5766846 0.5064216 0.6061828 0.6088070 0.6078561 0.5626467 0.4105558 0.3470202 0.3604322 0.3552472 0.3728297 0.3949012 0.0000000 0.3021176 
Opossum    0.5790023 0.5331766 0.5761971 0.5496251 0.4895357 0.5492420 0.5584393 0.6287685 0.5576950 0.3907850 0.3273843 0.3238276 0.3386504 0.3208103 0.3645714 0.3021176 0.0000000 
