17
LngfishAu  0.0000000 0.4570333 0.4419188 0.4937302 0.6773089 0.8474362 0.8090256 0.8273039 0.8231769 0.7289957 0.6624022 0.7323791 0.7108864 0.7460792 0.7686779 0.7678506 0.7153147 
LngfishSA  0.4570333 0.0000000 0.3490086 0.6302143 0.7722844 0.8533476 0.8386459 0.8050239 0.7330388 0.7987387 0.7346273 0.8019997 0.7750722 0.7554321 0.8485802 0.7807759 0.6467078 
LngfishAf  0.4419188 0.3490086 0.0000000 0.6186813 0.7358700 0.9024816 0.9622418 0.9107503 0.8275566 0.8729358 0.7878268 0.8270042 0.7926139 0.8102991 0.9020402 0.8214834 0.7180708 
Frog       0.4937302 0.6302143 0.6186813 0.0000000 0.6558935 0.8586406 0.8097054 0.8565953 0.7937879 0.7509112 0.6934580 0.7073719 0.7132671 0.7353535 0.7489962 0.7304324 0.6750088 
Turtle     0.6773089 0.7722844 0.7358700 0.6558935 0.0000000 0.5658498 0.6107919 0.5639229 0.5052417 0.6130583 0.5624694 0.5703059 0.5866386 0.5888372 0.6371754 0.6220006 0.6043375 
Sphenodon  0.8474362 0.8533476 0.9024816 0.8586406 0.5658498 0.0000000 0.7040480 0.6548283 0.6167875 0.7280123 0.7116130 0.6881599 0.7098280 0.7163941 0.7852392 0.7604725 0.6828788 
Lizard     0.8090256 0.8386459 0.9622418 0.8097054 0.6107919 0.7040480 0.0000000 0.7523380 0.6783017 0.7740489 0.7378652 0.7870153 0.8058421 0.7185239 0.8331793 0.7846457 0.7033651 
Crocodile  0.8273039 0.8050239 0.9107503 0.8565953 0.5639229 0.6548283 0.7523380 0.0000000 0.5110754 0.7818049 0.7879361 0.7871707 0.8494733 0.8791471 0.8878948 0.7913013 0.8196553 
Bird       0.8231769 0.7330388 0.8275566 0.7937879 0.5052417 0.6167875 0.6783017 0.5110754 0.0000000 0.7076715 0.7007566 0.7189755 0.7236755 0.7951557 0.7879253 0.7175308 0.7028405 
Human      0.7289957 0.7987387 0.8729358 0.7509112 0.6130583 0.7280123 0.7740489 0.7818049 0.7076715 0.0000000 0.2833529 0.2905047 0.3056048 0.3719952 0.3900358 0.4654387 0.4385901 
Seal       0.6624022 0.7346273 0.7878268 0.6934580 0.5624694 0.7116130 0.7378652 0.7879361 0.7007566 0.2833529 0.0000000 0.1978647 0.2172406 0.2913272 0.3297611 0.3932324 0.3628053 
Cow        0.7323791 0.8019997 0.8270042 0.7073719 0.5703059 0.6881599 0.7870153 0.7871707 0.7189755 0.2905047 0.1978647 0.0000000 0.1790980 0.3314380 0.3445281 0.4172267 0.3579416 
Whale      0.7108864 0.7750722 0.7926139 0.7132671 0.5866386 0.7098280 0.8058421 0.8494733 0.7236755 0.3056048 0.2172406 0.1790980 0.0000000 0.3368169 0.3691594 0.4078614 0.3733793 
Mouse      0.7460792 0.7554321 0.8102991 0.7353535 0.5888372 0.7163941 0.7185239 0.8791471 0.7951557 0.3719952 0.2913272 0.3314380 0.3368169 0.0000000 0.1474639 0.4259362 0.3619771 
Rat        0.7686779 0.8485802 0.9020402 0.7489962 0.6371754 0.7852392 0.8331793 0.8878948 0.7879253 0.3900358 0.3297611 0.3445281 0.3691594 0.1474639 0.0000000 0.4600528 0.4213019 
Platypus   0.7678506 0.7807759 0.8214834 0.7304324 0.6220006 0.7604725 0.7846457 0.7913013 0.7175308 0.4654387 0.3932324 0.4172267 0.4078614 0.4259362 0.4600528 0.0000000 0.3310862 
Opossum    0.7153147 0.6467078 0.7180708 0.6750088 0.6043375 0.6828788 0.7033651 0.8196553 0.7028405 0.4385901 0.3628053 0.3579416 0.3733793 0.3619771 0.4213019 0.3310862 0.0000000 
